DATE	EXCAUS	EXCHUS	EXHKUS	EXJPUS	EXKOUS	EXMXUS	EXNOUS	EXSDUS	EXSIUS	EXSZUS	EXUSAL	EXUSEU	EXUSNZ	EXUSUK
1990-01-01	1.1720	4.7339	7.8116	144.9819	686.1842		6.5462	6.1776	1.8873	1.5175	0.7811		0.6022	1.6512
1990-02-01	1.1965	4.7339	7.8103	145.6932	692.4737		6.4760	6.1250	1.8641	1.4879	0.7593		0.5916	1.6961
1990-03-01	1.1800	4.7339	7.8129	153.3082	700.4952		6.5972	6.1683	1.8777	1.5133	0.7556		0.5847	1.6245
1990-04-01	1.1641	4.7339	7.7966	158.4586	708.7619		6.5457	6.1160	1.8783	1.4866	0.7637		0.5788	1.6372
1990-05-01	1.1747	4.7339	7.7877	154.0441	711.8476		6.4477	6.0560	1.8589	1.4198	0.7611		0.5729	1.6774
1990-06-01	1.1730	4.7339	7.7855	153.6957	718.0714		6.4700	6.0896	1.8471	1.4250	0.7790		0.5825	1.7103
1990-07-01	1.1570	4.7339	7.7704	149.0395	718.7450		6.2925	5.9470	1.8193	1.3924	0.7908		0.5915	1.8098
1990-08-01	1.1448	4.7339	7.7707	147.4609	718.2591		6.0810	5.7754	1.7905	1.3076	0.8087		0.6129	1.9013
1990-09-01	1.1583	4.7342	7.7647	138.4405	717.8737		6.0735	5.7663	1.7671	1.3069	0.8251		0.6208	1.8794
1990-10-01	1.1600	4.7339	7.7722	129.5909	717.7611		5.9150	5.6411	1.7257	1.2818	0.8006		0.6113	1.9456
1990-11-01	1.1635	4.9714	7.7951	129.2155	717.0300		5.7996	5.5633	1.7100	1.2569	0.7729		0.6112	1.9642
1990-12-01	1.1603	5.2352	7.8034	133.8890	718.5750		5.8717	5.6338	1.7275	1.2814	0.7702		0.5957	1.9219
1991-01-01	1.1560	5.2352	7.7950	133.6986	720.8250		5.8993	5.6345	1.7455	1.2714	0.7793		0.5948	1.9346
1991-02-01	1.1549	5.2352	7.7943	130.5358	723.9706		5.7919	5.5516	1.7180	1.2685	0.7835		0.6012	1.9641
1991-03-01	1.1572	5.2352	7.7911	137.3867	727.7316		6.2899	5.9081	1.7589	1.3918	0.7711		0.5939	1.8214
1991-04-01	1.1535	5.2767	7.7939	137.1127	728.3571		6.6198	6.1145	1.7688	1.4399	0.7795		0.5891	1.7497
1991-05-01	1.1499	5.3257	7.7798	138.2218	727.9905		6.6953	6.1578	1.7688	1.4574	0.7743		0.5865	1.7238
1991-06-01	1.1439	5.3667	7.7341	139.7475	727.9722		6.9542	6.4235	1.7782	1.5297	0.7598		0.5765	1.6497
1991-07-01	1.1493	5.3693	7.7610	137.8300	731.7636		6.9627	6.4609	1.7555	1.5481	0.7716		0.5668	1.6513
1991-08-01	1.1452	5.3725	7.7646	136.8164	733.9045		6.8118	6.3311	1.7269	1.5201	0.7823		0.5735	1.6841
1991-09-01	1.1370	5.3869	7.7524	134.2995	744.1789		6.6266	6.1652	1.7002	1.4803	0.7937		0.5799	1.7265
1991-10-01	1.1279	5.3917	7.7542	130.7723	753.5400		6.6136	6.1552	1.6940	1.4781	0.7925		0.5631	1.7231
1991-11-01	1.1302	5.3994	7.7591	129.6321	757.4368		6.3643	5.9246	1.6709	1.4348	0.7866		0.5635	1.7796
1991-12-01	1.1467	5.4232	7.7738	128.0395	761.6810		6.1558	5.7158	1.6453	1.3855	0.7712		0.5526	1.8272
1992-01-01	1.1571	5.4618	7.7612	125.4614	767.0905		6.2044	5.7461	1.6337	1.4039	0.7476		0.5419	1.8090
1992-02-01	1.1825	5.4776	7.7582	127.6989	769.9333		6.3472	5.8764	1.6361	1.4561	0.7518		0.5418	1.7778
1992-03-01	1.1928	5.4871	7.7463	132.8627	775.6750		6.5188	6.0263	1.6601	1.5094	0.7586		0.5479	1.7238
1992-04-01	1.1874	5.5098	7.7404	133.5395	783.0045		6.4606	5.9667	1.6567	1.5194	0.7624		0.5414	1.7566
1992-05-01	1.1991	5.5182	7.7421	130.7710	787.3526		6.3311	5.8462	1.6408	1.4907	0.7559		0.5351	1.8095
1992-06-01	1.1960	5.4893	7.7343	126.8355	793.6000		6.1493	5.6792	1.6240	1.4250	0.7556		0.5420	1.8551
1992-07-01	1.1924	5.4564	7.7341	125.8817	789.9273		5.8581	5.4084	1.6142	1.3347	0.7451		0.5461	1.9177
1992-08-01	1.1907	5.4417	7.7318	126.2310	792.5619		5.7120	5.2745	1.6077	1.2966	0.7248		0.5406	1.9434
1992-09-01	1.2225	5.5048	7.7298	122.5967	788.7611		5.8116	5.3685	1.5988	1.2780	0.7225		0.5411	1.8465
1992-10-01	1.2453	5.5486	7.7298	121.1652	786.7905		6.0562	5.6006	1.6081	1.3176	0.7148		0.5394	1.6529
1992-11-01	1.2674	5.6134	7.7348	123.8800	787.0947		6.4714	6.2528	1.6338	1.4291	0.6898		0.5200	1.5268
1992-12-01	1.2725	5.8106	7.7416	124.0409	791.7455		6.6804	6.8903	1.6397	1.4219	0.6897		0.5157	1.5510
1993-01-01	1.2779	5.7796	7.7376	124.9932	794.8722		6.8721	7.2536	1.6527	1.4774	0.6730		0.5127	1.5325
1993-02-01	1.2602	5.7874	7.7335	120.7595	799.2526		6.9779	7.5566	1.6463	1.5178	0.6829		0.5160	1.4395
1993-03-01	1.2471	5.7455	7.7332	117.0174	796.4174		6.9989	7.7362	1.6446	1.5206	0.7078		0.5303	1.4617
1993-04-01	1.2621	5.7202	7.7306	112.4114	798.6136		6.7738	7.4500	1.6228	1.4599	0.7115		0.5390	1.5447
1993-05-01	1.2698	5.7392	7.7290	110.3430	803.1947		6.8027	7.3271	1.6136	1.4504	0.6986		0.5429	1.5477
1993-06-01	1.2789	5.7504	7.7362	107.4118	805.9136		6.9986	7.4541	1.6175	1.4769	0.6749		0.5395	1.5082
1993-07-01	1.2820	5.7756	7.7556	107.6914	809.5810		7.3179	7.9802	1.6206	1.5147	0.6779		0.5490	1.4955
1993-08-01	1.3080	5.7906	7.7515	103.7650	811.9409		7.3579	8.0466	1.6100	1.4966	0.6774		0.5526	1.4914
1993-09-01	1.3215	5.8015	7.7384	105.5748	811.8429		7.0829	8.0170	1.5972	1.4182	0.6517		0.5516	1.5248
1993-10-01	1.3263	5.8013	7.7307	107.0200	813.4500		7.1755	8.0195	1.5735	1.4432	0.6610		0.5526	1.5023
1993-11-01	1.3174	5.8086	7.7272	107.8765	809.7900	3.1498	7.3882	8.2661	1.5950	1.4969	0.6647		0.5479	1.4808
1993-12-01	1.3308	5.8210	7.7245	109.9130	812.5696	3.1083	7.4211	8.3501	1.5975	1.4634	0.6736		0.5563	1.4913
1994-01-01	1.3173	8.7219	7.7251	111.4415	813.5450	3.1078	7.5064	8.1185	1.6037	1.4716	0.6961		0.5626	1.4923
1994-02-01	1.3424	8.7249	7.7353	106.3011	812.2421	3.1218	7.4885	7.9869	1.5873	1.4565	0.7161		0.5744	1.4792
1994-03-01	1.3644	8.7241	7.7268	105.0974	810.6870	3.3026	7.3419	7.9156	1.5819	1.4292	0.7109		0.5709	1.4919
1994-04-01	1.3830	8.7251	7.7269	103.4843	811.7095	3.3495	7.3680	7.8850	1.5628	1.4383	0.7156		0.5691	1.4823
1994-05-01	1.3808	8.6859	7.7262	103.7533	809.7905	3.3167	7.1789	7.7181	1.5464	1.4125	0.7243		0.5835	1.5042
1994-06-01	1.3836	8.6836	7.7309	102.5264	809.8636	3.3671	7.0686	7.7968	1.5310	1.3727	0.7329		0.5912	1.5262
1994-07-01	1.3826	8.6605	7.7265	98.4450	808.3900	3.4031	6.8560	7.7471	1.5137	1.3239	0.7341		0.6006	1.5467
1994-08-01	1.3783	8.6072	7.7272	99.9404	806.8304	3.3814	6.8644	7.7420	1.5045	1.3184	0.7401		0.6012	1.5422
1994-09-01	1.3540	8.5581	7.7275	98.7743	803.6905	3.4022	6.7961	7.5227	1.4885	1.2892	0.7420		0.6030	1.5661
1994-10-01	1.3503	8.5492	7.7276	98.3530	801.9750	3.4212	6.6166	7.2631	1.4761	1.2648	0.7379		0.6090	1.6064
1994-11-01	1.3647	8.5370	7.7306	98.0440	799.4550	3.4425	6.7297	7.3637	1.4682	1.2956	0.7549		0.6209	1.5892
1994-12-01	1.3893	8.5033	7.7379	100.1824	794.8143	3.9748	6.8561	7.5161	1.4657	1.3289	0.7739		0.6373	1.5587
1995-01-01	1.4132	8.4608	7.7439	99.7660	793.0750	5.6405	6.6968	7.4775	1.4532	1.2863	0.7647		0.6402	1.5746
1995-02-01	1.4005	8.4553	7.7314	98.2368	793.1947	5.6779	6.5974	7.3914	1.4541	1.2715	0.7447		0.6345	1.5720
1995-03-01	1.4077	8.4483	7.7318	90.5196	781.8130	6.7770	6.2730	7.2787	1.4216	1.1709	0.7345		0.6460	1.6002
1995-04-01	1.3762	8.4421	7.7336	83.6895	770.6100	6.2285	6.2050	7.3455	1.3986	1.1384	0.7356		0.6672	1.6073
1995-05-01	1.3609	8.3370	7.7351	85.1127	764.4318	5.9741	6.2980	7.3072	1.3947	1.1693	0.7272		0.6674	1.5874
1995-06-01	1.3775	8.3206	7.7356	84.6355	763.8818	6.2330	6.2387	7.2631	1.3953	1.1588	0.7196		0.6695	1.5948
1995-07-01	1.3612	8.3207	7.7385	87.3970	760.0450	6.1220	6.1710	7.1749	1.3984	1.1556	0.7279		0.6742	1.5952
1995-08-01	1.3552	8.3253	7.7416	94.7383	767.4217	6.2047	6.3438	7.2383	1.4116	1.1962	0.7414		0.6569	1.5668
1995-09-01	1.3509	8.3374	7.7368	100.5455	772.0400	6.3167	6.3943	7.1227	1.4331	1.1868	0.7537		0.6561	1.5590
1995-10-01	1.3458	8.3353	7.7317	100.8390	767.1952	6.7452	6.2397	6.8301	1.4231	1.1453	0.7570		0.6590	1.5779
1995-11-01	1.3534	8.3334	7.7338	101.9400	769.7810	7.6936	6.2536	6.6088	1.4128	1.1437	0.7453		0.6522	1.5625
1995-12-01	1.3693	8.3350	7.7345	101.8495	771.3050	7.6870	6.3579	6.6393	1.4148	1.1631	0.7405		0.6500	1.5405
1996-01-01	1.3669	8.3384	7.7329	105.7514	787.1333	7.4806	6.4275	6.7405	1.4211	1.1818	0.7417		0.6619	1.5288
1996-02-01	1.3752	8.3338	7.7323	105.7880	780.1150	7.5183	6.4103	6.8775	1.4115	1.1967	0.7556		0.6749	1.5360
1996-03-01	1.3656	8.3495	7.7325	105.9400	781.3143	7.5682	6.4277	6.7318	1.4095	1.1959	0.7714		0.6808	1.5271
1996-04-01	1.3592	8.3515	7.7345	107.1995	780.4182	7.4694	6.4901	6.7141	1.4085	1.2180	0.7857		0.6824	1.5160
1996-05-01	1.3693	8.3479	7.7363	106.3423	780.8591	7.4368	6.5748	6.7984	1.4074	1.2539	0.7970		0.6857	1.5152
1996-06-01	1.3658	8.3424	7.7404	108.9600	798.4500	7.5648	6.5376	6.6807	1.4090	1.2579	0.7912		0.6765	1.5416
1996-07-01	1.3697	8.3409	7.7379	109.1909	813.0318	7.6179	6.4465	6.6394	1.4160	1.2320	0.7897		0.6900	1.5530
1996-08-01	1.3722	8.3379	7.7345	107.8659	817.5227	7.5143	6.4153	6.6211	1.4124	1.2029	0.7830		0.6886	1.5499
1996-09-01	1.3694	8.3341	7.7328	109.9310	822.4000	7.5441	6.4613	6.6427	1.4086	1.2343	0.7928		0.6964	1.5593
1996-10-01	1.3508	8.3299	7.7322	112.4123	828.2364	7.7345	6.4810	6.6006	1.4124	1.2586	0.7918		0.7007	1.5863
1996-11-01	1.3381	8.3294	7.7323	112.2958	830.5632	7.9119	6.3554	6.6269	1.4025	1.2752	0.7968		0.7098	1.6623
1996-12-01	1.3622	8.3290	7.7355	113.9810	841.9190	7.8769	6.4716	6.8283	1.3999	1.3290	0.7966		0.7050	1.6639
1997-01-01	1.3494	8.3260	7.7397	117.9124	854.0714	7.8289	6.4589	7.0692	1.4061	1.3913	0.7776		0.7009	1.6585
1997-02-01	1.3556	8.3227	7.7474	122.9621	868.3947	7.8023	6.6323	7.4069	1.4193	1.4541	0.7677		0.6908	1.6256
1997-03-01	1.3725	8.3258	7.7460	122.7738	882.6190	7.9562	6.7915	7.6502	1.4378	1.4634	0.7875		0.6979	1.6096
1997-04-01	1.3942	8.3257	7.7483	125.6377	895.5682	7.9059	6.9932	7.6942	1.4417	1.4618	0.7787		0.6922	1.6293
1997-05-01	1.3804	8.3229	7.7431	119.1924	894.6667	7.9037	7.0797	7.6856	1.4368	1.4331	0.7751		0.6910	1.6322
1997-06-01	1.3843	8.3224	7.7445	114.2857	891.4048	7.9498	7.2240	7.7506	1.4271	1.4424	0.7542		0.6871	1.6449
1997-07-01	1.3775	8.3162	7.7454	115.3759	893.0909	7.8679	7.4545	7.8188	1.4521	1.4824	0.7420		0.6610	1.6694
1997-08-01	1.3905	8.3187	7.7436	117.9295	898.7095	7.7818	7.6224	7.9886	1.4977	1.5128	0.7404		0.6421	1.6035
1997-09-01	1.3872	8.3171	7.7440	120.8900	912.5048	7.7809	7.3008	7.6887	1.5164	1.4702	0.7231		0.6360	1.6013
1997-10-01	1.3869	8.3135	7.7373	121.0605	929.4182	7.8708	7.0807	7.5765	1.5597	1.4516	0.7197		0.6356	1.6330
1997-11-01	1.4128	8.3109	7.7314	125.3817	1035.2235	8.2716	7.0588	7.5595	1.5820	1.4069	0.6953		0.6242	1.6889
1997-12-01	1.4271	8.3099	7.7456	129.7341	1496.9000	8.1271	7.2630	7.7977	1.6518	1.4393	0.6619		0.5914	1.6597
1998-01-01	1.4409	8.3094	7.7425	129.5475	1707.3000	8.2272	7.5007	8.0193	1.7477	1.4748	0.6566		0.5793	1.6350
1998-02-01	1.4334	8.3072	7.7412	125.8516	1628.4211	8.5021	7.5530	8.0723	1.6509	1.4631	0.6744		0.5829	1.6408
1998-03-01	1.4166	8.3076	7.7458	129.0823	1489.3571	8.5681	7.5833	7.9677	1.6188	1.4901	0.6696		0.5726	1.6619
1998-04-01	1.4298	8.3058	7.7497	131.7536	1391.5455	8.5017	7.5315	7.8238	1.6007	1.5051	0.6523		0.5534	1.6723
1998-05-01	1.4452	8.3084	7.7490	134.8960	1399.0500	8.5848	7.4539	7.7026	1.6374	1.4790	0.6312		0.5388	1.6382
1998-06-01	1.4655	8.3100	7.7471	140.3305	1397.7727	8.9200	7.5785	7.9174	1.6941	1.4949	0.6046		0.5123	1.6504
1998-07-01	1.4869	8.3100	7.7483	140.7874	1295.7609	8.8990	7.6246	7.9942	1.7085	1.5136	0.6180		0.5185	1.6437
1998-08-01	1.5346	8.3100	7.7494	144.6800	1314.2857	9.3712	7.7248	8.1282	1.7571	1.4933	0.5888		0.5011	1.6342
1998-09-01	1.5218	8.3055	7.7480	134.4805	1375.5381	10.2192	7.5564	7.8816	1.7226	1.4000	0.5889		0.5044	1.6823
1998-10-01	1.5452	8.2778	7.7483	121.0486	1344.1429	10.1594	7.4294	7.8395	1.6378	1.3373	0.6179		0.5213	1.6944
1998-11-01	1.5404	8.2778	7.7432	120.2895	1294.0105	9.9685	7.4562	8.0140	1.6378	1.3852	0.6349		0.5340	1.6611
1998-12-01	1.5433	8.2780	7.7471	117.0709	1213.2182	9.9067	7.6050	8.0716	1.6515	1.3604	0.6182		0.5223	1.6708
1999-01-01	1.5194	8.2789	7.7486	113.2900	1175.1053	10.1279	7.4532	7.8188	1.6791	1.3856	0.6320	1.1591	0.5388	1.6498
1999-02-01	1.4977	8.2781	7.7490	116.6684	1188.8368	10.0057	7.7240	7.9532	1.7004	1.4272	0.6399	1.1203	0.5435	1.6276
1999-03-01	1.5176	8.2792	7.7493	119.4730	1229.7217	9.7324	7.8151	8.2144	1.7292	1.4660	0.6308	1.0886	0.5323	1.6213
1999-04-01	1.4881	8.2792	7.7495	119.7723	1209.9636	9.4304	7.7750	8.3293	1.7134	1.4971	0.6420	1.0701	0.5427	1.6089
1999-05-01	1.4611	8.2785	7.7531	121.9995	1197.9200	9.3955	7.7496	8.4432	1.7122	1.5078	0.6628	1.0630	0.5530	1.6154
1999-06-01	1.4695	8.2780	7.7575	120.7245	1168.9136	9.5146	7.8749	8.5065	1.7107	1.5374	0.6563	1.0377	0.5325	1.5950
1999-07-01	1.4890	8.2776	7.7603	119.3305	1189.0952	9.3699	7.9029	8.4431	1.6958	1.5474	0.6562	1.0370	0.5261	1.5751
1999-08-01	1.4932	8.2772	7.7638	113.2268	1198.3091	9.3979	7.8036	8.2589	1.6787	1.5093	0.6446	1.0605	0.5259	1.6058
1999-09-01	1.4771	8.2774	7.7665	106.8752	1201.0000	9.3413	7.8361	8.2264	1.6965	1.5262	0.6495	1.0497	0.5230	1.6247
1999-10-01	1.4776	8.2775	7.7696	105.9650	1205.2850	9.5752	7.7402	8.1492	1.6757	1.4896	0.6509	1.0706	0.5142	1.6572
1999-11-01	1.4674	8.2782	7.7718	104.6485	1176.9750	9.4161	7.9367	8.3586	1.6699	1.5543	0.6388	1.0328	0.5122	1.6205
1999-12-01	1.4722	8.2794	7.7728	102.5843	1136.8043	9.4271	8.0113	8.4910	1.6745	1.5841	0.6410	1.0110	0.5087	1.6132
2000-01-01	1.4486	8.2792	7.7791	105.2960	1130.9900	9.4935	8.0241	8.4918	1.6757	1.5903	0.6560	1.0131	0.5127	1.6404
2000-02-01	1.4512	8.2781	7.7816	109.3885	1129.7455	9.4265	8.2374	8.6480	1.7028	1.6348	0.6278	0.9834	0.4903	1.6000
2000-03-01	1.4608	8.2786	7.7848	106.3074	1116.3904	9.2886	8.4100	8.6971	1.7153	1.6636	0.6094	0.9643	0.4902	1.5799
2000-04-01	1.4689	8.2793	7.7880	105.6270	1110.3200	9.3937	8.6272	8.7486	1.7096	1.6657	0.5960	0.9449	0.4960	1.5823
2000-05-01	1.4957	8.2781	7.7907	108.3205	1119.4864	9.5059	9.0533	9.0925	1.7286	1.7190	0.5784	0.9059	0.4708	1.5090
2000-06-01	1.4770	8.2772	7.7934	106.1255	1117.9350	9.8343	8.6807	8.7471	1.7277	1.6420	0.5949	0.9505	0.4705	1.5092
2000-07-01	1.4778	8.2794	7.7969	108.2115	1115.0750	9.4192	8.7185	8.9640	1.7414	1.6519	0.5870	0.9386	0.4597	1.5076
2000-08-01	1.4828	8.2796	7.7995	108.0804	1114.4670	9.2724	8.9526	9.2771	1.7206	1.7149	0.5808	0.9045	0.4452	1.4889
2000-09-01	1.4864	8.2785	7.7985	106.8375	1117.5700	9.3615	9.2331	9.6853	1.7406	1.7586	0.5521	0.8695	0.4171	1.4336
2000-10-01	1.5125	8.2785	7.7977	108.4429	1131.0990	9.5370	9.3794	9.9930	1.7525	1.7745	0.5280	0.8525	0.4001	1.4506
2000-11-01	1.5426	8.2774	7.7991	109.0095	1156.5429	9.5081	9.3524	10.0965	1.7478	1.7779	0.5218	0.8552	0.3990	1.4258
2000-12-01	1.5219	8.2771	7.7991	112.2090	1216.9350	9.4673	9.0616	9.6604	1.7361	1.6855	0.5466	0.8983	0.4297	1.4629
2001-01-01	1.5032	8.2776	7.7998	116.6719	1272.6343	9.7688	8.7817	9.4910	1.7380	1.6305	0.5552	0.9376	0.4442	1.4775
2001-02-01	1.5216	8.2771	7.7999	116.2337	1252.8526	9.7108	8.9180	9.7518	1.7435	1.6686	0.5338	0.9205	0.4345	1.4525
2001-03-01	1.5587	8.2775	7.7999	121.5050	1291.4050	9.5990	8.9859	10.0516	1.7732	1.6908	0.5031	0.9083	0.4182	1.4445
2001-04-01	1.5578	8.2771	7.7993	123.7710	1327.7571	9.3276	9.0920	10.2035	1.8118	1.7131	0.5016	0.8925	0.4069	1.4348
2001-05-01	1.5411	8.2770	7.7999	121.7682	1298.8955	9.1475	9.1380	10.3513	1.8141	1.7528	0.5199	0.8753	0.4218	1.4265
2001-06-01	1.5245	8.2770	7.7997	122.3510	1295.0476	9.0881	9.3014	10.7930	1.8170	1.7856	0.5180	0.8530	0.4141	1.4020
2001-07-01	1.5308	8.2769	7.7999	124.4981	1305.2381	9.1682	9.2566	10.7603	1.8233	1.7570	0.5089	0.8615	0.4081	1.4148
2001-08-01	1.5399	8.2770	7.7997	121.3670	1285.6522	9.1332	8.9427	10.3329	1.7613	1.6808	0.5246	0.9014	0.4314	1.4372
2001-09-01	1.5679	8.2768	7.7997	118.6117	1293.8333	9.4253	8.7691	10.6353	1.7494	1.6338	0.5036	0.9114	0.4173	1.4638
2001-10-01	1.5717	8.2768	7.7999	121.4536	1302.3636	9.3391	8.8329	10.5661	1.8113	1.6357	0.5042	0.9050	0.4139	1.4501
2001-11-01	1.5922	8.2769	7.7996	122.4055	1282.1000	9.2250	8.9296	10.6117	1.8295	1.6509	0.5165	0.8883	0.4158	1.4356
2001-12-01	1.5788	8.2764	7.7989	127.5945	1292.2850	9.1574	8.9713	10.5753	1.8382	1.6566	0.5138	0.8912	0.4157	1.4413
2002-01-01	1.5997	8.2771	7.7989	132.6833	1316.3381	9.1636	8.9684	10.4561	1.8394	1.6709	0.5170	0.8832	0.4245	1.4322
2002-02-01	1.5964	8.2767	7.7996	133.6426	1320.5526	9.1050	8.9492	10.5501	1.8312	1.6970	0.5128	0.8707	0.4187	1.4227
2002-03-01	1.5877	8.2773	7.7997	131.0610	1322.9048	9.0640	8.8072	10.3324	1.8295	1.6743	0.5256	0.8766	0.4333	1.4230
2002-04-01	1.5815	8.2772	7.8000	130.7718	1318.0909	9.1649	8.6102	10.3070	1.8285	1.6542	0.5352	0.8860	0.4428	1.4429
2002-05-01	1.5502	8.2770	7.7994	126.3750	1262.2000	9.5099	8.2050	10.0642	1.8004	1.5889	0.5498	0.9170	0.4610	1.4598
2002-06-01	1.5318	8.2767	7.8000	123.2905	1219.6950	9.7671	7.7533	9.5376	1.7831	1.5399	0.5682	0.9561	0.4886	1.4837
2002-07-01	1.5456	8.2768	7.8000	117.8991	1179.9868	9.7792	7.4694	9.3474	1.7524	1.4718	0.5538	0.9935	0.4809	1.5565
2002-08-01	1.5694	8.2767	7.8000	118.9927	1197.5091	9.8389	7.6042	9.4610	1.7553	1.4972	0.5413	0.9781	0.4635	1.5368
2002-09-01	1.5761	8.2770	7.7999	121.0780	1211.6050	10.0708	7.5018	9.3400	1.7682	1.4931	0.5465	0.9806	0.4702	1.5563
2002-10-01	1.5780	8.2772	7.7995	123.9077	1240.1909	10.0941	7.4873	9.2846	1.7843	1.4932	0.5502	0.9812	0.4818	1.5575
2002-11-01	1.5715	8.2772	7.7994	121.6079	1210.2000	10.1952	7.3157	9.0652	1.7653	1.4658	0.5613	1.0013	0.4973	1.5711
2002-12-01	1.5592	8.2777	7.7988	121.8929	1206.6143	10.2251	7.1557	8.9303	1.7532	1.4388	0.5624	1.0194	0.5108	1.5863
2003-01-01	1.5414	8.2775	7.7994	118.8133	1176.4524	10.6223	6.9138	8.6368	1.7363	1.3765	0.5829	1.0622	0.5398	1.6175
2003-02-01	1.5121	8.2780	7.7995	119.3379	1190.3684	10.9447	7.0004	8.4837	1.7451	1.3602	0.5956	1.0785	0.5539	1.6079
2003-03-01	1.4761	8.2773	7.7991	118.6871	1237.2000	10.9053	7.2760	8.5440	1.7551	1.3614	0.6015	1.0797	0.5537	1.5825
2003-04-01	1.4582	8.2772	7.7996	119.8950	1231.1045	10.5887	7.2032	8.4314	1.7771	1.3783	0.6100	1.0862	0.5518	1.5739
2003-05-01	1.3840	8.2769	7.7991	117.3681	1201.2333	10.2528	6.8145	7.9213	1.7357	1.3111	0.6468	1.1556	0.5756	1.6224
2003-06-01	1.3525	8.2771	7.7988	118.3290	1194.1429	10.5028	7.0093	7.8116	1.7351	1.3196	0.6652	1.1674	0.5815	1.6609
2003-07-01	1.3821	8.2773	7.7992	118.6959	1181.1636	10.4581	7.2924	8.0929	1.7551	1.3611	0.6607	1.1365	0.5864	1.6221
2003-08-01	1.3963	8.2770	7.7993	118.6624	1178.6000	10.7830	7.4096	8.2821	1.7533	1.3811	0.6518	1.1155	0.5829	1.5939
2003-09-01	1.3634	8.2772	7.7850	114.8000	1165.4048	10.9229	7.2782	8.0426	1.7466	1.3743	0.6635	1.1267	0.5843	1.6155
2003-10-01	1.3221	8.2768	7.7427	109.4955	1169.3409	11.1796	7.0331	7.6957	1.7345	1.3222	0.6948	1.1714	0.6020	1.6792
2003-11-01	1.3130	8.2769	7.7637	109.1778	1186.3889	11.1494	7.0054	7.6799	1.7282	1.3318	0.7158	1.1710	0.6285	1.6897
2003-12-01	1.3128	8.2770	7.7645	107.7377	1192.3364	11.2515	6.7128	7.3395	1.7107	1.2643	0.7391	1.2298	0.6471	1.7516
2004-01-01	1.2958	8.2770	7.7663	106.2685	1183.3450	10.9203	6.8117	7.2334	1.6965	1.2391	0.7717	1.2638	0.6738	1.8255
2004-02-01	1.3299	8.2771	7.7748	106.7079	1167.5316	11.0319	6.9508	7.2630	1.6869	1.2448	0.7770	1.2640	0.6916	1.8673
2004-03-01	1.3286	8.2771	7.7930	108.5157	1166.2870	11.0190	6.9598	7.5322	1.6996	1.2778	0.7496	1.2261	0.6607	1.8261
2004-04-01	1.3420	8.2769	7.7970	107.6564	1152.8636	11.2701	6.9263	7.6496	1.6849	1.2969	0.7443	1.1989	0.6415	1.8031
2004-05-01	1.3789	8.2771	7.7971	112.1960	1177.8750	11.5199	6.8428	7.6097	1.7124	1.2839	0.7039	1.2000	0.6151	1.7860
2004-06-01	1.3578	8.2767	7.7980	109.4336	1159.0227	11.3926	6.8279	7.5323	1.7136	1.2503	0.6937	1.2146	0.6284	1.8279
2004-07-01	1.3225	8.2767	7.8000	109.4871	1158.7000	11.4678	6.9126	7.5027	1.7121	1.2452	0.7161	1.2266	0.6467	1.8438
2004-08-01	1.3127	8.2768	7.7997	110.2336	1158.0318	11.3953	6.8369	7.5362	1.7145	1.2623	0.7111	1.2191	0.6561	1.8203
2004-09-01	1.2881	8.2767	7.7995	110.0914	1148.7190	11.4870	6.8416	7.4356	1.6948	1.2629	0.7028	1.2224	0.6594	1.7937
2004-10-01	1.2469	8.2765	7.7889	108.7835	1141.5700	11.4037	6.5809	7.2453	1.6767	1.2330	0.7337	1.2507	0.6846	1.8077
2004-11-01	1.1968	8.2765	7.7755	104.6990	1086.4350	11.3710	6.2700	6.9257	1.6505	1.1711	0.7704	1.2997	0.7009	1.8607
2004-12-01	1.2189	8.2765	7.7760	103.8104	1050.3739	11.2012	6.1355	6.6969	1.6402	1.1465	0.7675	1.3406	0.7149	1.9286
2005-01-01	1.2248	8.2765	7.7948	103.3410	1037.9825	11.2627	6.2672	6.8991	1.6377	1.1792	0.7668	1.3123	0.7065	1.8797
2005-02-01	1.2401	8.2765	7.7994	104.9442	1023.1105	11.1373	6.3960	6.9800	1.6381	1.1918	0.7812	1.3013	0.7155	1.8871
2005-03-01	1.2160	8.2765	7.7994	105.2543	1007.7761	11.1552	6.2116	6.8954	1.6308	1.1756	0.7848	1.3185	0.7300	1.9043
2005-04-01	1.2359	8.2765	7.7984	107.1938	1010.0667	11.1121	6.3147	7.0814	1.6511	1.1954	0.7738	1.2943	0.7209	1.8961
2005-05-01	1.2555	8.2765	7.7914	106.5952	1001.8386	10.9764	6.3656	7.2382	1.6507	1.2172	0.7663	1.2697	0.7191	1.8559
2005-06-01	1.2402	8.2765	7.7755	108.7473	1012.4600	10.8197	6.4936	7.6229	1.6723	1.2665	0.7667	1.2155	0.7083	1.8177
2005-07-01	1.2229	8.2264	7.7751	111.9535	1036.5600	10.6724	6.5783	7.8263	1.6815	1.2945	0.7524	1.2041	0.6789	1.7507
2005-08-01	1.2043	8.1017	7.7709	110.6065	1021.6804	10.6862	6.4367	7.5951	1.6623	1.2629	0.7614	1.2295	0.6956	1.7944
2005-09-01	1.1777	8.0919	7.7618	111.2390	1029.8433	10.7858	6.3830	7.6300	1.6820	1.2671	0.7651	1.2234	0.6987	1.8064
2005-10-01	1.1774	8.0895	7.7559	114.8695	1045.8775	10.8354	6.5103	7.8433	1.6915	1.2880	0.7535	1.2022	0.6983	1.7651
2005-11-01	1.1815	8.0840	7.7538	118.4540	1040.7600	10.6715	6.6399	8.1157	1.6981	1.3110	0.7353	1.1789	0.6897	1.7349
2005-12-01	1.1615	8.0755	7.7531	118.4624	1022.3810	10.6266	6.7242	7.9518	1.6738	1.3053	0.7423	1.1861	0.6947	1.7458
2006-01-01	1.1572	8.0654	7.7537	115.4765	981.4350	10.5422	6.6287	7.6697	1.6310	1.2773	0.7505	1.2126	0.6872	1.7686
2006-02-01	1.1489	8.0512	7.7593	117.8605	969.8447	10.4842	6.7526	7.8226	1.6286	1.3052	0.7418	1.1940	0.6735	1.7480
2006-03-01	1.1573	8.0350	7.7591	117.2778	974.7109	10.7493	6.6317	7.8109	1.6211	1.3050	0.7266	1.2028	0.6342	1.7442
2006-04-01	1.1441	8.0143	7.7561	117.0695	952.5950	11.0489	6.3922	7.6005	1.6008	1.2830	0.7369	1.2273	0.6220	1.7680
2006-05-01	1.1100	8.0131	7.7538	111.7305	940.8168	11.0908	6.1040	7.3050	1.5755	1.2190	0.7639	1.2767	0.6311	1.8687
2006-06-01	1.1137	8.0042	7.7636	114.6250	954.4500	11.3934	6.2070	7.2949	1.5912	1.2321	0.7399	1.2661	0.6190	1.8435
2006-07-01	1.1294	7.9897	7.7734	115.7670	950.8100	10.9830	6.2617	7.2654	1.5837	1.2376	0.7528	1.2681	0.6178	1.8443
2006-08-01	1.1182	7.9722	7.7762	115.9243	960.9522	10.8735	6.2423	7.1890	1.5754	1.2318	0.7631	1.2810	0.6348	1.8941
2006-09-01	1.1161	7.9334	7.7825	117.2145	952.2900	10.9888	6.5008	7.2844	1.5803	1.2455	0.7549	1.2722	0.6551	1.8839
2006-10-01	1.1285	7.9018	7.7849	118.6090	952.6429	10.8854	6.6591	7.3338	1.5775	1.2602	0.7544	1.2617	0.6621	1.8765
2006-11-01	1.1359	7.8622	7.7816	117.3205	935.4143	10.9133	6.3991	7.0612	1.5558	1.2356	0.7728	1.2888	0.6693	1.9125
2006-12-01	1.1532	7.8219	7.7733	117.3220	924.9800	10.8546	6.1826	6.8398	1.5401	1.2099	0.7858	1.3205	0.6933	1.9629
2007-01-01	1.1763	7.7876	7.8000	120.4471	936.7619	10.9559	6.3656	6.9901	1.5373	1.2431	0.7826	1.2993	0.6947	1.9587
2007-02-01	1.1710	7.7502	7.8114	120.5047	936.9000	10.9951	6.1860	7.0200	1.5333	1.2393	0.7830	1.3080	0.6934	1.9589
2007-03-01	1.1682	7.7369	7.8132	117.2600	942.8841	11.1144	6.1401	7.0171	1.5242	1.2178	0.7932	1.3246	0.6995	1.9474
2007-04-01	1.1350	7.7247	7.8154	118.9324	930.6905	10.9802	6.0098	6.8371	1.5150	1.2124	0.8273	1.3513	0.7345	1.9879
2007-05-01	1.0951	7.6773	7.8187	120.7732	927.5636	10.8221	6.0220	6.8094	1.5231	1.2211	0.8254	1.3518	0.7334	1.9842
2007-06-01	1.0651	7.6333	7.8142	122.6886	927.8667	10.8330	5.9980	6.9485	1.5367	1.2330	0.8423	1.3421	0.7570	1.9867
2007-07-01	1.0502	7.5757	7.8197	121.4148	918.1190	10.8146	5.7807	6.6933	1.5156	1.2069	0.8677	1.3726	0.7862	2.0355
2007-08-01	1.0579	7.5734	7.8155	116.7335	934.4848	11.0438	5.8492	6.8429	1.5226	1.2027	0.8291	1.3626	0.7259	2.0110
2007-09-01	1.0267	7.5210	7.7824	115.0435	928.5950	11.0319	5.6256	6.6713	1.5110	1.1852	0.8461	1.3910	0.7188	2.0184
2007-10-01	0.9754	7.5019	7.7545	115.8661	914.9435	10.8214	5.4023	6.4439	1.4650	1.1741	0.8996	1.4233	0.7603	2.0449
2007-11-01	0.9672	7.4210	7.7774	111.0729	918.8095	10.8811	5.4156	6.3242	1.4466	1.1233	0.8961	1.4683	0.7631	2.0701
2007-12-01	1.0021	7.3682	7.7983	112.4490	931.0950	10.8463	5.5000	6.4764	1.4487	1.1402	0.8719	1.4559	0.7690	2.0161
2008-01-01	1.0099	7.2405	7.8044	107.8181	942.0571	10.9057	5.3993	6.3978	1.4299	1.1006	0.8823	1.4728	0.7740	1.9702
2008-02-01	0.9986	7.1644	7.7963	107.0300	944.0050	10.7679	5.3851	6.3450	1.4106	1.0890	0.9133	1.4759	0.7969	1.9646
2008-03-01	1.0029	7.0722	7.7813	100.7562	981.7348	10.7328	5.1495	6.0613	1.3843	1.0126	0.9221	1.5520	0.8004	2.0015
2008-04-01	1.0137	6.9997	7.7910	102.6777	986.8636	10.5146	5.0541	5.9470	1.3643	1.0138	0.9309	1.5754	0.7897	1.9816
2008-05-01	0.9993	6.9725	7.7988	104.3595	1034.1333	10.4381	5.0571	5.9887	1.3659	1.0448	0.9492	1.5554	0.7777	1.9650
2008-06-01	1.0166	6.8993	7.8073	106.9152	1031.4857	10.3269	5.1351	6.0249	1.3679	1.0371	0.9511	1.5562	0.7616	1.9664
2008-07-01	1.0130	6.8355	7.8001	106.8518	1015.0545	10.2094	5.1058	6.0015	1.3591	1.0283	0.9620	1.5759	0.7546	1.9888
2008-08-01	1.0535	6.8462	7.8076	109.3624	1046.1143	10.1154	5.3331	6.2845	1.4052	1.0841	0.8815	1.4955	0.7091	1.8865
2008-09-01	1.0582	6.8307	7.7854	106.5748	1134.8667	10.6633	5.6958	6.6816	1.4297	1.1102	0.8168	1.4342	0.6739	1.7973
2008-10-01	1.1847	6.8358	7.7588	99.9659	1329.1877	12.6593	6.4973	7.4435	1.4784	1.1429	0.6870	1.3266	0.6077	1.6862
2008-11-01	1.2171	6.8281	7.7507	96.9656	1398.7044	13.1186	6.9290	7.9612	1.5076	1.1910	0.6591	1.2744	0.5664	1.5327
2008-12-01	1.2337	6.8539	7.7504	91.2750	1361.5727	13.4167	7.0159	8.0124	1.4769	1.1404	0.6719	1.3511	0.5597	1.4854
2009-01-01	1.2248	6.8360	7.7563	90.1205	1354.3975	13.8839	6.9566	8.1044	1.4913	1.1267	0.6754	1.3244	0.5510	1.4462
2009-02-01	1.2452	6.8363	7.7534	92.9158	1439.5842	14.6066	6.8710	8.5455	1.5178	1.1639	0.6504	1.2797	0.5160	1.4422
2009-03-01	1.2645	6.8360	7.7530	97.8550	1449.6159	14.6466	6.7855	8.5727	1.5296	1.1555	0.6666	1.3050	0.5336	1.4170
2009-04-01	1.2242	6.8306	7.7501	98.9200	1332.1250	13.4035	6.6557	8.2297	1.5028	1.1481	0.7158	1.3199	0.5729	1.4712
2009-05-01	1.1528	6.8235	7.7510	96.6445	1254.3450	13.1895	6.4504	7.7602	1.4611	1.1076	0.7648	1.3646	0.6014	1.5418
2009-06-01	1.1264	6.8334	7.7505	96.6145	1259.2932	13.3414	6.3915	7.7670	1.4522	1.0809	0.8025	1.4014	0.6386	1.6369
2009-07-01	1.1229	6.8317	7.7500	94.3670	1259.6739	13.3623	6.3566	7.6843	1.4493	1.0780	0.8049	1.4092	0.6444	1.6378
2009-08-01	1.0872	6.8323	7.7506	94.8971	1238.9952	13.0063	6.0705	7.1562	1.4420	1.0683	0.8353	1.4266	0.6766	1.6532
2009-09-01	1.0816	6.8277	7.7503	91.2748	1211.8643	13.4060	5.9006	6.9941	1.4220	1.0391	0.8622	1.4575	0.7046	1.6323
2009-10-01	1.0547	6.8267	7.7497	90.3671	1173.7405	13.2275	5.6428	6.9550	1.3974	1.0213	0.9067	1.4821	0.7386	1.6212
2009-11-01	1.0593	6.8271	7.7497	89.2674	1162.8368	13.1115	5.6430	6.9267	1.3888	1.0131	0.9197	1.4908	0.7301	1.6599
2009-12-01	1.0537	6.8275	7.7526	89.9509	1163.3109	12.8622	5.7708	7.1384	1.3962	1.0301	0.9021	1.4579	0.7169	1.6226
2010-01-01	1.0438	6.8269	7.7624	91.1011	1138.1947	12.8096	5.7402	7.1534	1.3965	1.0345	0.9127	1.4266	0.7263	1.6158
2010-02-01	1.0572	6.8285	7.7670	90.1395	1155.6553	12.9396	5.9182	7.2683	1.4122	1.0722	0.8857	1.3680	0.6973	1.5618
2010-03-01	1.0229	6.8262	7.7612	90.7161	1136.0822	12.5673	5.9204	7.1630	1.3994	1.0666	0.9123	1.3570	0.7036	1.5058
2010-04-01	1.0052	6.8256	7.7627	93.4527	1115.4591	12.2396	5.9169	7.2026	1.3817	1.0690	0.9262	1.3417	0.7122	1.5332
2010-05-01	1.0403	6.8275	7.7856	91.9730	1164.8410	12.7262	6.2872	7.7042	1.3940	1.1295	0.8713	1.2563	0.6984	1.4669
2010-06-01	1.0376	6.8184	7.7880	90.8059	1214.1114	12.7102	6.4728	7.8261	1.3976	1.1255	0.8539	1.2223	0.6926	1.4768
2010-07-01	1.0422	6.7762	7.7753	87.5005	1203.8095	12.8038	6.2633	7.4066	1.3756	1.0530	0.8786	1.2811	0.7145	1.5304
2010-08-01	1.0404	6.7873	7.7702	85.3727	1179.5159	12.7660	6.1481	7.3015	1.3551	1.0388	0.9004	1.2903	0.7150	1.5661
2010-09-01	1.0330	6.7396	7.7643	84.3571	1159.9310	12.7977	6.0431	7.0397	1.3333	1.0002	0.9398	1.3103	0.7288	1.5591
2010-10-01	1.0179	6.6678	7.7580	81.7285	1121.9400	12.4393	5.8322	6.6770	1.3026	0.9686	0.9818	1.3901	0.7520	1.5867
2010-11-01	1.0129	6.6538	7.7546	82.5180	1129.6230	12.3376	5.9645	6.8201	1.2987	0.9847	0.9889	1.3654	0.7723	1.5961
2010-12-01	1.0081	6.6497	7.7736	83.3376	1145.4833	12.3902	5.9833	6.8524	1.3063	0.9689	0.9929	1.3221	0.7511	1.5595
2011-01-01	0.9939	6.5964	7.7803	82.6250	1118.8675	12.1280	5.8561	6.6673	1.2863	0.9565	0.9962	1.3371	0.7656	1.5782
2011-02-01	0.9876	6.5761	7.7895	82.5368	1117.4368	12.0649	5.7319	6.4342	1.2757	0.9500	1.0084	1.3656	0.7620	1.6124
2011-03-01	0.9766	6.5645	7.7913	81.6470	1119.2674	11.9963	5.5913	6.3493	1.2678	0.9185	1.0113	1.4020	0.7423	1.6159
2011-04-01	0.9580	6.5267	7.7716	83.1771	1083.1762	11.7059	5.4015	6.1990	1.2463	0.8972	1.0588	1.4460	0.7894	1.6379
2011-05-01	0.9680	6.4957	7.7742	81.1257	1084.3619	11.6542	5.4766	6.2526	1.2387	0.8740	1.0675	1.4335	0.7959	1.6332
2011-06-01	0.9766	6.4746	7.7850	80.4259	1080.4523	11.8055	5.4366	6.3273	1.2336	0.8401	1.0617	1.4403	0.8157	1.6219
2011-07-01	0.9553	6.4575	7.7892	79.2425	1057.4250	11.6741	5.4502	6.3957	1.2158	0.8214	1.0781	1.4275	0.8480	1.6158
2011-08-01	0.9817	6.4036	7.7965	76.9657	1073.8870	12.2366	5.4353	6.3970	1.2089	0.7800	1.0502	1.4333	0.8379	1.6356
2011-09-01	1.0025	6.3885	7.7943	76.7957	1121.9095	13.0637	5.6257	6.6460	1.2537	0.8767	1.0220	1.3747	0.8119	1.5771
2011-10-01	1.0198	6.3710	7.7774	76.6430	1150.6850	13.4379	5.6405	6.6396	1.2757	0.8958	1.0168	1.3732	0.7912	1.5768
2011-11-01	1.0248	6.3564	7.7809	77.5595	1133.4775	13.6955	5.7405	6.7377	1.2886	0.9079	1.0112	1.3558	0.7714	1.5806
2011-12-01	1.0235	6.3482	7.7767	77.7967	1148.1262	13.7746	5.8912	6.8553	1.2954	0.9334	1.0122	1.3155	0.7699	1.5587
2012-01-01	1.0130	6.3172	7.7622	76.9640	1140.3275	13.3829	5.9424	6.8463	1.2777	0.9376	1.0415	1.2910	0.8015	1.5524
2012-02-01	0.9967	6.2997	7.7544	78.4700	1122.6900	12.7833	5.7097	6.6619	1.2535	0.9118	1.0732	1.3238	0.8349	1.5804
2012-03-01	0.9938	6.3125	7.7620	82.4659	1126.1700	12.7523	5.7074	6.7319	1.2590	0.9131	1.0526	1.3208	0.8201	1.5824
2012-04-01	0.9928	6.3043	7.7621	81.2524	1135.0238	13.0559	5.7521	6.7359	1.2510	0.9133	1.0350	1.3160	0.8180	1.6000
2012-05-01	1.0097	6.3242	7.7640	79.6668	1156.6914	13.6199	5.9151	7.0280	1.2620	0.9383	0.9980	1.2806	0.7748	1.5924
2012-06-01	1.0280	6.3633	7.7590	79.3152	1163.3886	13.9193	6.0146	7.0746	1.2784	0.9576	0.9986	1.2541	0.7806	1.5556
2012-07-01	1.0142	6.3717	7.7561	78.9348	1142.2781	13.3638	6.0690	6.9504	1.2603	0.9783	1.0300	1.2278	0.7986	1.5593
2012-08-01	0.9924	6.3593	7.7562	78.6909	1131.7457	13.1793	5.9012	6.6758	1.2480	0.9681	1.0475	1.2406	0.8104	1.5722
2012-09-01	0.9783	6.3200	7.7540	78.1353	1122.9911	12.9235	5.7467	6.5960	1.2303	0.9386	1.0406	1.2885	0.8199	1.6126
2012-10-01	0.9872	6.2627	7.7515	79.0132	1105.3823	12.8976	5.7078	6.6400	1.2237	0.9323	1.0298	1.2974	0.8197	1.6080
2012-11-01	0.9970	6.2338	7.7505	81.0305	1086.9525	13.0639	5.7180	6.7059	1.2232	0.9388	1.0405	1.2837	0.8195	1.5968
2012-12-01	0.9898	6.2328	7.7501	83.7905	1075.2225	12.8651	5.6103	6.5936	1.2204	0.9213	1.0465	1.3119	0.8312	1.6145
2013-01-01	0.9921	6.2215	7.7530	89.0581	1066.5205	12.6964	5.5500	6.4801	1.2282	0.9234	1.0500	1.3304	0.8370	1.5965
2013-02-01	1.0098	6.2323	7.7552	93.0016	1087.3084	12.7249	5.5648	6.3756	1.2382	0.9212	1.0310	1.3347	0.8385	1.5474
2013-03-01	1.0244	6.2154	7.7592	94.7700	1102.8710	12.5000	5.7806	6.4455	1.2466	0.9466	1.0345	1.2953	0.8284	1.5080
2013-04-01	1.0187	6.1861	7.7631	97.7582	1120.8977	12.2061	5.7935	6.4867	1.2380	0.9366	1.0380	1.3025	0.8479	1.5311
2013-05-01	1.0196	6.1416	7.7614	100.9186	1111.4945	12.2993	5.8202	6.5992	1.2486	0.9557	0.9919	1.2983	0.8249	1.5297
2013-06-01	1.0314	6.1342	7.7602	97.2350	1135.0085	12.9636	5.8759	6.5848	1.2595	0.9331	0.9440	1.3197	0.7904	1.5493
2013-07-01	1.0402	6.1343	7.7567	99.6727	1125.0300	12.7615	6.0246	6.6161	1.2681	0.9449	0.9155	1.3088	0.7885	1.5179
2013-08-01	1.0407	6.1213	7.7553	97.8123	1115.9418	12.9120	5.9677	6.5365	1.2724	0.9261	0.9037	1.3314	0.7916	1.5505
2013-09-01	1.0342	6.1198	7.7543	99.2100	1082.3115	13.0553	5.9662	6.4896	1.2622	0.9231	0.9303	1.3364	0.8163	1.5885
2013-10-01	1.0363	6.1032	7.7536	97.7700	1065.8573	12.9916	5.9491	6.4080	1.2431	0.9025	0.9519	1.3646	0.8345	1.6098
2013-11-01	1.0486	6.0929	7.7523	100.0737	1061.5637	13.0597	6.0856	6.5863	1.2476	0.9129	0.9324	1.3491	0.8259	1.6100
2013-12-01	1.0639	6.0738	7.7535	103.4600	1055.6348	13.0099	6.1342	6.5328	1.2589	0.8933	0.8980	1.3708	0.8224	1.6383
2014-01-01	1.0940	6.0509	7.7578	103.7614	1067.1267	13.2220	6.1622	6.4862	1.2726	0.9038	0.8858	1.3618	0.8275	1.6470
2014-02-01	1.1054	6.0816	7.7585	102.1253	1071.3063	13.2928	6.1147	6.4930	1.2659	0.8937	0.8974	1.3665	0.8297	1.6558
2014-03-01	1.1107	6.1729	7.7612	102.3395	1070.4910	13.1929	5.9955	6.4114	1.2672	0.8805	0.9089	1.3828	0.8539	1.6624
2014-04-01	1.0992	6.2246	7.7540	102.4582	1042.6350	13.0669	5.9790	6.5488	1.2548	0.8828	0.9315	1.3810	0.8606	1.6748
2014-05-01	1.0894	6.2380	7.7523	101.7738	1024.7867	12.9330	5.9389	6.5719	1.2514	0.8883	0.9305	1.3739	0.8605	1.6842
2014-06-01	1.0830	6.2306	7.7516	102.0629	1018.7443	12.9932	6.0437	6.6859	1.2512	0.8958	0.9365	1.3595	0.8621	1.6908
2014-07-01	1.0739	6.1984	7.7502	101.7400	1021.0341	12.9914	6.1992	6.8189	1.2427	0.8978	0.9389	1.3533	0.8687	1.7066
2014-08-01	1.0926	6.1541	7.7504	102.9438	1024.5500	13.1436	6.1935	6.8983	1.2484	0.9098	0.9309	1.3315	0.8437	1.6700
2014-09-01	1.1011	6.1382	7.7526	107.4257	1035.8914	13.2370	6.3525	7.1302	1.2638	0.9370	0.9042	1.2889	0.8134	1.6290
2014-10-01	1.1212	6.1251	7.7572	108.0264	1060.3359	13.4795	6.5600	7.2456	1.2745	0.9528	0.8781	1.2677	0.7876	1.6074
2014-11-01	1.1325	6.1249	7.7543	116.2994	1097.8728	13.6148	6.8090	7.4155	1.2964	0.9642	0.8644	1.2473	0.7834	1.5771
2014-12-01	1.1532	6.1886	7.7541	119.3233	1102.6224	14.5205	7.2772	7.6289	1.3150	0.9753	0.8257	1.2329	0.7766	1.5644
2015-01-01	1.2122	6.2181	7.7531	118.2500	1088.1300	14.6972	7.6865	8.1131	1.3378	0.9443	0.8064	1.1615	0.7628	1.5142
2015-02-01	1.2499	6.2518	7.7551	118.7600	1101.4605	14.9170	7.5861	8.3537	1.3549	0.9361	0.7797	1.1350	0.7454	1.5329
2015-03-01	1.2618	6.2386	7.7584	120.3945	1112.9005	15.2375	7.9952	8.5448	1.3770	0.9798	0.7724	1.0819	0.7460	1.4958
2015-04-01	1.2337	6.2010	7.7509	119.5095	1084.6709	15.1943	7.8774	8.6321	1.3482	0.9595	0.7740	1.0822	0.7596	1.4968
2015-05-01	1.2176	6.2035	7.7527	120.7980	1092.6365	15.2796	7.5503	8.3350	1.3344	0.9316	0.7891	1.1167	0.7383	1.5456
2015-06-01	1.2365	6.2052	7.7528	123.7186	1112.8832	15.4792	7.8111	8.2653	1.3455	0.9321	0.7715	1.1226	0.6985	1.5576
2015-07-01	1.2863	6.2085	7.7514	123.3109	1146.5468	15.9515	8.1255	8.5325	1.3616	0.9547	0.7407	1.0997	0.6650	1.5560
2015-08-01	1.3147	6.3383	7.7530	123.0038	1178.1438	16.5340	8.2524	8.5515	1.3981	0.9685	0.7295	1.1136	0.6549	1.5578
2015-09-01	1.3266	6.3676	7.7501	120.1476	1184.3300	16.8387	8.2845	8.3659	1.4148	0.9725	0.7059	1.1229	0.6339	1.5338
2015-10-01	1.3072	6.3505	7.7499	120.0481	1143.1990	16.5697	8.2700	8.3314	1.4005	0.9687	0.7200	1.1228	0.6693	1.5343
2015-11-01	1.3279	6.3640	7.7506	122.6432	1153.4721	16.6306	8.6394	8.6829	1.4143	1.0098	0.7146	1.0727	0.6554	1.5194
2015-12-01	1.3713	6.4491	7.7507	121.6350	1169.9464	17.0696	8.6971	8.4938	1.4081	0.9951	0.7247	1.0889	0.6748	1.4981
2016-01-01	1.4208	6.5726	7.7812	118.2258	1203.3179	18.0648	8.8194	8.5483	1.4325	1.0082	0.7011	1.0855	0.6534	1.4392
2016-02-01	1.3797	6.5501	7.7829	114.6155	1216.2285	18.4332	8.6127	8.4804	1.4052	0.9920	0.7134	1.1092	0.6633	1.4290
2016-03-01	1.3226	6.5027	7.7604	112.9317	1181.5730	17.6303	8.4754	8.3394	1.3724	0.9811	0.7504	1.1134	0.6745	1.4249
2016-04-01	1.2818	6.4754	7.7556	109.5519	1145.7967	17.4795	8.2082	8.1110	1.3496	0.9634	0.7664	1.1346	0.6892	1.4319
2016-05-01	1.2945	6.5259	7.7635	108.8481	1173.7905	18.1360	8.2269	8.2154	1.3695	0.9777	0.7318	1.1312	0.6807	1.4524
2016-06-01	1.2894	6.5892	7.7620	105.3509	1165.2023	18.6538	8.3064	8.3043	1.3533	0.9695	0.7401	1.1232	0.7041	1.4197
2016-07-01	1.3052	6.6771	7.7568	104.1910	1140.8650	18.6155	8.4795	8.5722	1.3513	0.9830	0.7529	1.1055	0.7132	1.3134
2016-08-01	1.2998	6.6466	7.7560	101.2383	1110.0183	18.4742	8.3009	8.4693	1.3476	0.9711	0.7629	1.1207	0.7235	1.3101
2016-09-01	1.3108	6.6702	7.7564	101.7843	1108.3638	19.2436	8.1957	8.5311	1.3591	0.9732	0.7591	1.1218	0.7312	1.3140
2016-10-01	1.3251	6.7303	7.7570	103.9075	1128.1660	18.8912	8.1722	8.8210	1.3847	0.9876	0.7615	1.1014	0.7153	1.2330
2016-11-01	1.3434	6.8402	7.7560	108.4430	1162.7080	20.0086	8.4147	9.1266	1.4105	0.9963	0.7532	1.0792	0.7153	1.2432
2016-12-01	1.3339	6.9198	7.7586	115.9981	1183.0700	20.4992	8.5617	9.2070	1.4358	1.0194	0.7346	1.0545	0.7039	1.2483
2017-01-01	1.3183	6.8907	7.7560	114.8721	1179.1074	21.3911	8.4570	8.9451	1.4276	1.0075	0.7465	1.0635	0.7132	1.2367
2017-02-01	1.3109	6.8694	7.7596	112.9116	1140.4874	20.3008	8.3215	8.9007	1.4137	1.0010	0.7664	1.0650	0.7229	1.2495
2017-03-01	1.3387	6.8940	7.7658	112.9165	1133.8617	19.2800	8.5063	8.9147	1.4049	1.0015	0.7622	1.0691	0.7006	1.2347
2017-04-01	1.3437	6.8876	7.7737	110.0910	1134.1755	18.7672	8.5855	8.9616	1.3983	1.0009	0.7534	1.0714	0.6969	1.2639
2017-05-01	1.3606	6.8843	7.7864	112.2436	1125.1359	18.7666	8.5059	8.7826	1.3951	0.9867	0.7437	1.1050	0.6946	1.2929
2017-06-01	1.3295	6.8066	7.7984	110.9141	1130.8464	18.1293	8.4594	8.6779	1.3834	0.9681	0.7562	1.1233	0.7233	1.2810
2017-07-01	1.2690	6.7694	7.8091	112.4170	1131.7460	17.8081	8.1473	8.3129	1.3707	0.9604	0.7807	1.1530	0.7358	1.2996
2017-08-01	1.2608	6.6670	7.8217	109.8270	1130.2700	17.7969	7.8885	8.0835	1.3608	0.9653	0.7915	1.1813	0.7303	1.2952
2017-09-01	1.2279	6.5690	7.8127	110.7760	1131.5990	17.8305	7.8382	8.0096	1.3494	0.9625	0.7974	1.1913	0.7259	1.3340
2017-10-01	1.2607	6.6254	7.8053	112.9148	1130.8838	18.8215	7.9970	8.1776	1.3595	0.9821	0.7788	1.1755	0.7041	1.3202
2017-11-01	1.2773	6.6200	7.8052	112.8190	1099.7945	18.9306	8.1946	8.3893	1.3556	0.9915	0.7620	1.1743	0.6886	1.3217
2017-12-01	1.2769	6.5932	7.8128	112.9405	1082.9020	19.1765	8.3178	8.3925	1.3462	0.9870	0.7648	1.1836	0.6966	1.3404
2018-01-01	1.2429	6.4233	7.8190	110.8710	1065.6410	18.9118	7.9039	8.0480	1.3214	0.9604	0.7956	1.2197	0.7263	1.3824
2018-02-01	1.2588	6.3183	7.8222	107.9700	1078.4747	18.6473	7.8394	8.0542	1.3200	0.9355	0.7867	1.2340	0.7305	1.3961
2018-03-01	1.2933	6.3174	7.8413	106.0468	1069.9418	18.5901	7.7702	8.2406	1.3146	0.9480	0.7759	1.2334	0.7258	1.3976
2018-04-01	1.2732	6.2967	7.8482	107.6562	1068.0452	18.3876	7.8471	8.4596	1.3160	0.9687	0.7684	1.2270	0.7244	1.4079
2018-05-01	1.2866	6.3701	7.8487	109.6882	1076.6595	19.5525	8.0963	8.7555	1.3392	0.9969	0.7525	1.1823	0.6953	1.3470
2018-06-01	1.3125	6.4651	7.8471	110.0638	1094.3552	20.2878	8.1104	8.8010	1.3480	0.9900	0.7498	1.1679	0.6942	1.3294
2018-07-01	1.3133	6.7164	7.8477	111.5210	1122.2029	18.9856	8.1307	8.8239	1.3630	0.9948	0.7403	1.1685	0.6789	1.3162
2018-08-01	1.3042	6.8453	7.8492	110.9965	1120.4270	18.8633	8.3398	9.0690	1.3687	0.9880	0.7325	1.1547	0.6669	1.2878
2018-09-01	1.3034	6.8551	7.8364	112.0974	1119.8200	18.9991	8.2464	8.9395	1.3710	0.9683	0.7206	1.1667	0.6598	1.3066
2018-10-01	1.3004	6.9191	7.8375	112.7218	1131.6150	19.1958	8.2545	9.0391	1.3790	0.9940	0.7111	1.1488	0.6537	1.3012
2018-11-01	1.3205	6.9367	7.8286	113.3380	1125.3450	20.2448	8.4797	9.0676	1.3748	1.0011	0.7247	1.1364	0.6777	1.2900
2018-12-01	1.3436	6.8837	7.8194	112.1994	1122.4244	20.0972	8.6263	9.0303	1.3704	0.9919	0.7169	1.1380	0.6819	1.2664
2019-01-01	1.3300	6.7863	7.8411	108.9605	1120.3300	19.1704	8.5476	8.9950	1.3560	0.9897	0.7151	1.1418	0.6782	1.2901
2019-02-01	1.3209	6.7367	7.8477	110.4400	1121.8333	19.1953	8.5855	9.2481	1.3539	1.0014	0.7136	1.1349	0.6830	1.3016
2019-03-01	1.3371	6.7119	7.8492	111.1443	1131.6005	19.2442	8.6072	9.2931	1.3543	1.0005	0.7082	1.1296	0.6835	1.3167
2019-04-01	1.3378	6.7161	7.8445	111.6414	1142.1650	18.9641	8.5623	9.3280	1.3561	1.0084	0.7111	1.1234	0.6715	1.3029
2019-05-01	1.3460	6.8519	7.8478	109.9714	1182.9527	19.1110	8.7387	9.5921	1.3706	1.0107	0.6945	1.1187	0.6562	1.2855
2019-06-01	1.3289	6.8977	7.8260	108.0685	1173.7845	19.2728	8.6329	9.4085	1.3621	0.9880	0.6946	1.1295	0.6602	1.2675
2019-07-01	1.3105	6.8775	7.8133	108.2864	1177.2345	19.0452	8.6196	9.4191	1.3616	0.9880	0.6978	1.1211	0.6679	1.2461
2019-08-01	1.3273	7.0629	7.8420	106.1886	1210.3782	19.6828	8.9659	9.6467	1.3845	0.9787	0.6775	1.1129	0.6434	1.2160
2019-09-01	1.3241	7.1137	7.8350	107.5400	1194.1145	19.5470	9.0053	9.7086	1.3790	0.9906	0.6815	1.1011	0.6345	1.2369
2019-10-01	1.3189	7.0961	7.8421	108.1368	1183.4473	19.3193	9.1528	9.7675	1.3704	0.9930	0.6798	1.1058	0.6337	1.2657
2019-11-01	1.3237	7.0199	7.8279	108.8579	1167.2989	19.3261	9.1500	9.6381	1.3615	0.9929	0.6827	1.1051	0.6397	1.2884
2019-12-01	1.3169	7.0137	7.8045	109.1010	1174.7052	19.1024	9.0240	9.4324	1.3565	0.9826	0.6887	1.1114	0.6599	1.3109
2020-01-01	1.3089	6.9184	7.7725	109.2667	1167.4624	18.8066	8.9615	9.5099	1.3517	0.9698	0.6851	1.1098	0.6601	1.3076
2020-02-01	1.3286	6.9967	7.7757	110.0295	1195.3358	18.8423	9.2957	9.6881	1.3897	0.9762	0.6664	1.0911	0.6390	1.2953
2020-03-01	1.3960	7.0205	7.7651	107.6673	1218.1945	22.3785	10.2403	9.8437	1.4171	0.9593	0.6218	1.1046	0.6056	1.2369
2020-04-01	1.4048	7.0708	7.7512	107.7386	1223.1309	24.1798	10.4199	10.0164	1.4228	0.9701	0.6312	1.0871	0.6015	1.2420
2020-05-01	1.3972	7.1016	7.7519	107.2000	1228.1340	23.5240	10.0926	9.7286	1.4178	0.9692	0.6517	1.0907	0.6087	1.2302
2020-06-01	1.3552	7.0816	7.7501	107.5782	1206.9459	22.3069	9.5330	9.3105	1.3935	0.9513	0.6899	1.1259	0.6448	1.2523
2020-07-01	1.3497	7.0041	7.7509	106.6818	1198.6186	22.3952	9.2777	9.0097	1.3865	0.9327	0.7040	1.1488	0.6593	1.2701
2020-08-01	1.3229	6.9270	7.7502	106.0129	1186.8562	22.2017	8.9422	8.7103	1.3689	0.9099	0.7203	1.1831	0.6600	1.3143
2020-09-01	1.3230	6.8106	7.7500	105.5890	1176.8619	21.6613	9.1621	8.8554	1.3660	0.9149	0.7224	1.1785	0.6665	1.2947
2020-10-01	1.3218	6.7254	7.7503	105.2095	1143.7681	21.2804	9.2956	8.8346	1.3597	0.9124	0.7121	1.1768	0.6638	1.2980
2020-11-01	1.3073	6.6029	7.7526	104.4061	1116.0978	20.4566	9.0999	8.6569	1.3477	0.9110	0.7270	1.1826	0.6856	1.3198
2020-12-01	1.2809	6.5393	7.7519	103.7952	1093.7876	19.9604	8.7071	8.3631	1.3324	0.8884	0.7532	1.2168	0.7093	1.3434
2021-01-01	1.2725	6.4672	7.7533	103.7883	1098.2367	19.9412	8.5096	8.2867	1.3256	0.8865	0.7726	1.2178	0.7200	1.3641
2021-02-01	1.2696	6.4601	7.7529	105.3774	1111.8137	20.3296	8.5083	8.3437	1.3277	0.8979	0.7753	1.2094	0.7245	1.3867
2021-03-01	1.2569	6.5109	7.7651	108.6991	1130.2543	20.7500	8.5127	8.5431	1.3423	0.9298	0.7710	1.1902	0.7136	1.3863
2021-04-01	1.2494	6.5186	7.7691	109.0445	1117.8555	20.0376	8.3906	8.4994	1.3343	0.9218	0.7701	1.1965	0.7127	1.3845
2021-05-01	1.2125	6.4321	7.7654	109.1120	1123.6565	19.9644	8.3073	8.3511	1.3298	0.9027	0.7763	1.2146	0.7225	1.4084
2021-06-01	1.2220	6.4250	7.7617	110.1073	1122.6073	20.0314	8.4231	8.3966	1.3335	0.9078	0.7643	1.2048	0.7106	1.4025
2021-07-01	1.2530	6.4763	7.7705	110.2143	1146.3948	19.9664	8.7934	8.6256	1.3554	0.9174	0.7417	1.1821	0.6981	1.3808
2021-08-01	1.2599	6.4768	7.7834	109.8527	1160.9945	20.0750	8.8482	8.6787	1.3548	0.9147	0.7304	1.1767	0.6979	1.3797
2021-09-01	1.2671	6.4563	7.7807	110.1610	1172.8190	20.0461	8.6583	8.6440	1.3479	0.9228	0.7312	1.1765	0.7053	1.3732
2021-10-01	1.2434	6.4172	7.7793	113.1215	1181.8900	20.4399	8.4554	8.6624	1.3507	0.9227	0.7412	1.1600	0.7064	1.3701
2021-11-01	1.2567	6.3889	7.7896	113.9650	1184.0600	20.8698	8.7379	8.8036	1.3567	0.9213	0.7307	1.1416	0.7019	1.3463
2021-12-01	1.2800	6.3693	7.7990	113.8329	1183.8871	20.9260	8.9811	9.0896	1.3634	0.9210	0.7155	1.1301	0.6786	1.3303
2022-01-01	1.2622	6.3556	7.7917	114.8255	1196.0345	20.5074	8.8474	9.1533	1.3504	0.9191	0.7180	1.1317	0.6742	1.3555
2022-02-01	1.2711	6.3436	7.7992	115.2763	1199.1226	20.4578	8.8564	9.2857	1.3464	0.9228	0.7169	1.1349	0.6678	1.3540
2022-03-01	1.2660	6.3446	7.8228	118.5774	1220.8409	20.5444	8.8340	9.5652	1.3585	0.9294	0.7374	1.1019	0.6868	1.3168
2022-04-01	1.2628	6.4310	7.8414	126.3743	1235.1533	20.0908	8.9106	9.5585	1.3662	0.9450	0.7364	1.0803	0.6755	1.2933
2022-05-01	1.2859	6.6990	7.8490	128.8486	1268.8081	20.0575	9.6137	9.9373	1.3829	0.9804	0.7041	1.0567	0.6393	1.2438
2022-06-01	1.2804	6.6952	7.8481	133.9619	1277.4057	20.0101	9.7478	10.0349	1.3842	0.9702	0.7025	1.0567	0.6352	1.2320
2022-07-01	1.2936	6.7352	7.8490	136.7090	1308.0295	20.5464	10.0077	10.3874	1.3954	0.9701	0.6856	1.0168	0.6196	1.1987
2022-08-01	1.2917	6.8007	7.8465	135.2835	1319.4122	20.1130	9.7102	10.3771	1.3840	0.9574	0.6961	1.0129	0.6266	1.1983
2022-09-01	1.3339	7.0195	7.8494	143.2843	1396.3729	20.0689	10.2983	10.9101	1.4144	0.9733	0.6671	0.9899	0.5918	1.1320
2022-10-01	1.3689	7.1902	7.8498	147.0515	1426.0650	19.9772	10.5413	11.1111	1.4227	0.9949	0.6370	0.9853	0.5703	1.1332
2022-11-01	1.3457	7.1812	7.8308	142.4450	1361.7900	19.4543	10.1639	10.7040	1.3872	0.9660	0.6596	1.0192	0.6061	1.1727
2022-12-01	1.3585	6.9717	7.7854	134.9148	1293.5629	19.6148	9.8801	10.3780	1.3518	0.9316	0.6748	1.0591	0.6353	1.2180
2023-01-01	1.3422	6.7904	7.8204	130.4475	1243.0705	18.9705	9.9495	10.3975	1.3248	0.9241	0.6955	1.0777	0.6402	1.2237
2023-02-01	1.3454	6.8380	7.8471	133.0463	1275.4205	18.6368	10.2419	10.4492	1.3320	0.9258	0.6893	1.0702	0.6288	1.2084
2023-03-01	1.3683	6.8909	7.8487	133.6643	1306.0161	18.3892	10.5323	10.4763	1.3405	0.9255	0.6676	1.0711	0.6207	1.2138
2023-04-01	1.3484	6.8876	7.8496	133.4745	1322.0570	18.0948	10.5041	10.3484	1.3318	0.8985	0.6688	1.0962	0.6210	1.2446
2023-05-01	1.3517	6.9854	7.8373	137.0532	1327.4800	17.7489	10.8075	10.4643	1.3395	0.8977	0.6643	1.0867	0.6214	1.2484
2023-06-01	1.3286	7.1614	7.8330	141.3581	1297.2514	17.2407	10.7964	10.7691	1.3462	0.9004	0.6713	1.0840	0.6135	1.2627
2023-07-01	1.3211	7.1863	7.8156	140.9360	1282.2835	16.8929	10.2338	10.5002	1.3332	0.8723	0.6742	1.1067	0.6232	1.2893
2023-08-01	1.3478	7.2486	7.8263	144.7804	1321.7561	16.9767	10.4682	10.8291	1.3506	0.8783	0.6486	1.0910	0.5996	1.2706
2023-09-01	1.3531	7.2979	7.8285	147.8450	1334.2370	17.3067	10.7247	11.0848	1.3637	0.8996	0.6425	1.0672	0.5931	1.2381
2023-10-01	1.3712	7.3071	7.8246	149.5933	1351.5071	18.0589	11.0224	11.0259	1.3688	0.9035	0.6347	1.0565	0.5894	1.2175
2023-11-01	1.3707	7.2226	7.8071	149.6790	1308.1540	17.3594	10.9051	10.6694	1.3474	0.8902	0.6508	1.0819	0.6005	1.2437
2023-12-01	1.3416	7.1402	7.8098	143.9815	1304.3945	17.1927	10.5494	10.2576	1.3321	0.8648	0.6693	1.0909	0.6223	1.2657
2024-01-01	1.3423	7.1707	7.8164	146.2943	1325.9119	17.0932	10.4136	10.3593	1.3362	0.8591	0.6636	1.0899	0.6168	1.2701
2024-02-01	1.3500	7.1935	7.8218	149.6150	1331.3345	17.0937	10.5562	10.4266	1.3447	0.8771	0.6522	1.0793	0.6123	1.2630
2024-03-01	1.3536	7.2015	7.8230	149.8186	1331.6752	16.7693	10.6121	10.4113	1.3407	0.8886	0.6558	1.0870	0.6081	1.2713
2024-04-01	1.3674	7.2374	7.8305	153.8900	1367.8555	16.8008	10.9058	10.8158	1.3568	0.9099	0.6507	1.0724	0.5957	1.2517
2024-05-01	1.3667	7.2327	7.8119	155.8691	1364.7241	16.8033	10.7443	10.7501	1.3509	0.9088	0.6626	1.0810	0.6066	1.2636
2024-06-01	1.3705	7.2547	7.8100	157.8600	1379.0526	18.1946	10.6154	10.4870	1.3517	0.8938	0.6642	1.0763	0.6139	1.2716
2024-07-01	1.3714	7.2609	7.8095	157.5182	1382.0473	18.1002	10.8071	10.6386	1.3456	0.8917	0.6673	1.0847	0.6030	1.2870
2024-08-01	1.3655	7.1475	7.7962	146.2641	1351.4436	19.1382	10.6900	10.3902	1.3152	0.8579	0.6658	1.1020	0.6088	1.2945
